100 4 37 70 45 32 18 14 33 98 52 19 29 54 75 54 28 8 7 58 16 3 67 14 6 67 57 50 79 42 9 68 64 49 23 23 84 83 84 84 64 53 58 26 81 60 63 78 26 13 62 70 37 5 77 50 9 23 53 24 97 38 91 35 70 34 56 66 40 51 76 16 86 79 86 81 99 43 42 66 50 37 57 55 41 94 2 68 87 18 34 44 9 95 20 51 82 49 24 100 
13 70 9 92 44 68 5 7 91 87 71 39 61 60 36 30 60 37 90 73 6 28 1 49 6 55 37 63 64 57 64 10 8 13 78 35 12 16 44 20 1 19 55 76 48 22 29 93 91 33 71 5 85 11 6 61 96 8 29 1 3 78 87 60 90 30 73 88 87 87 50 17 58 7 10 84 24 38 18 67 28 98 43 11 21 94 91 95 35 61 5 8 48 58 14 60 67 70 45 27 
1 70 93 37 14 71 42 37 67 90 30 37 3 80 38 20 23 13 60 41 29 71 85 27 87 68 40 26 23 51 26 88 5 61 20 66 68 91 88 87 22 76 93 67 64 78 70 59 71 87 73 67 30 23 96 11 14 30 33 70 78 19 52 79 56 29 98 81 84 5 81 37 93 80 41 66 54 56 90 90 42 22 23 22 43 91 15 65 66 22 52 100 84 33 80 85 9 98 90 62 
61 49 88 52 61 100 12 57 97 94 73 92 75 97 43 20 81 62 90 83 36 78 98 36 9 73 85 18 33 56 2 93 65 90 95 15 63 67 34 39 74 22 19 55 74 60 71 19 10 50 94 15 9 28 13 5 4 30 13 54 9 17 34 20 53 79 37 76 87 87 55 12 4 14 27 100 83 12 33 45 97 54 100 98 61 62 38 80 86 81 85 11 91 83 63 60 68 81 58 5 
22 6 19 13 97 83 76 17 17 25 4 6 90 10 63 14 53 48 51 99 93 51 11 28 24 21 60 77 61 89 1 90 63 88 7 23 7 40 81 20 52 20 43 54 86 92 59 97 72 64 97 39 49 46 49 53 13 31 100 3 73 14 48 72 87 33 3 56 85 63 32 78 7 62 65 23 63 42 62 93 95 71 50 34 35 93 4 7 54 74 60 37 52 94 83 76 91 95 22 59 
13 4 81 23 39 60 4 77 27 39 54 80 52 81 14 77 93 45 47 36 38 5 7 22 87 48 35 93 6 97 72 69 17 24 2 13 29 22 48 72 63 74 58 88 45 46 41 55 3 63 39 54 94 5 80 66 34 63 11 51 33 73 63 89 50 70 31 63 28 91 8 62 8 4 13 51 7 37 23 96 100 98 79 56 15 85 18 49 54 71 21 79 2 39 36 45 20 9 33 26 
43 21 29 85 100 56 17 19 58 95 75 22 21 22 79 28 85 91 78 75 37 73 16 99 11 27 29 67 60 46 49 16 11 97 41 7 67 56 73 35 99 57 52 31 1 3 65 47 20 62 10 41 56 59 80 86 83 61 94 22 86 99 56 4 11 6 68 68 49 46 18 40 13 33 65 97 5 46 85 84 12 62 89 8 66 9 93 51 56 19 21 44 57 58 89 8 84 63 5 60 
51 26 73 17 21 47 2 4 66 22 4 45 66 68 47 67 60 91 6 40 80 46 18 27 47 52 99 2 69 55 33 25 28 85 10 96 72 30 33 29 80 69 92 75 89 39 73 44 47 48 58 26 100 16 62 38 73 67 54 25 22 100 26 50 67 25 39 25 67 39 78 19 52 57 23 63 77 14 48 77 69 44 16 91 83 67 53 95 83 79 19 81 48 59 65 77 85 25 67 58 
67 44 12 94 86 57 45 99 26 37 85 57 87 88 48 81 47 6 71 95 61 82 33 97 80 81 90 78 32 16 39 9 68 5 64 83 99 38 37 93 23 92 2 69 96 67 49 17 54 5 10 4 99 17 66 67 64 97 76 11 53 65 68 61 92 27 84 21 49 89 25 15 80 5 46 22 35 15 17 51 44 52 50 3 23 98 98 80 91 6 80 33 87 38 92 50 11 84 57 65 
92 5 41 60 75 53 56 13 85 36 28 58 2 1 47 25 64 14 29 59 26 95 99 82 19 22 35 3 93 99 97 69 22 23 61 62 39 60 7 89 53 98 77 33 4 31 88 4 34 59 76 93 13 20 18 42 34 35 67 1 70 21 69 5 99 60 76 30 6 58 31 1 12 85 89 22 84 75 33 69 94 80 79 37 39 95 55 5 35 75 26 26 57 14 82 26 69 27 57 42 
56 86 51 29 92 61 2 17 60 11 92 59 33 5 36 28 3 86 54 38 63 84 1 80 77 13 55 71 54 38 14 32 72 31 48 33 81 19 69 23 13 77 55 48 91 22 25 22 45 81 78 17 40 69 21 44 60 76 82 73 79 76 32 78 8 69 37 90 92 22 96 98 74 50 54 44 88 25 57 52 74 53 84 28 30 53 70 49 43 18 18 99 53 46 57 38 61 50 6 12 
21 30 53 77 40 95 51 13 13 10 26 69 45 88 37 26 95 33 24 96 20 83 11 7 21 25 40 64 4 60 77 91 9 83 70 71 37 95 75 11 73 60 13 9 99 87 65 57 27 14 23 7 40 58 79 36 23 74 97 16 53 85 62 72 66 81 17 9 22 33 9 54 96 3 96 95 36 68 80 17 77 52 33 44 23 74 31 80 47 79 81 19 10 76 21 93 64 37 89 93 
35 25 13 32 19 98 43 40 95 24 29 94 54 8 55 29 12 41 69 62 41 1 34 59 13 46 91 55 40 70 1 87 62 49 72 83 65 52 84 13 83 44 41 18 26 57 77 83 77 67 75 61 23 85 73 77 52 43 62 88 32 45 43 26 13 70 61 68 55 4 66 10 87 25 81 94 24 24 87 3 57 35 30 85 7 75 13 98 48 60 49 70 89 96 12 33 1 2 67 51 
15 72 9 62 48 59 9 38 24 95 58 42 98 88 92 60 21 75 59 100 31 79 7 46 36 91 4 27 20 10 80 71 89 2 59 1 65 44 72 95 46 70 61 34 59 98 35 92 100 57 78 37 79 57 93 54 9 77 90 70 78 21 30 29 12 8 55 77 26 81 77 35 14 35 69 55 33 37 30 2 6 10 100 11 38 6 79 30 34 59 18 92 44 53 3 85 70 21 70 93 
60 95 55 77 44 72 17 80 16 75 65 2 27 82 70 8 53 36 53 17 29 68 22 18 93 96 28 30 7 24 28 13 96 54 50 50 78 65 4 73 22 26 17 37 81 70 95 62 60 96 63 53 97 42 59 52 100 22 70 49 6 77 16 3 5 23 82 36 54 72 31 98 14 33 92 70 18 92 32 79 91 40 33 79 63 77 96 49 67 52 67 36 42 33 1 57 19 6 79 7 
66 52 77 19 10 84 36 60 30 78 73 88 61 9 30 92 97 1 17 44 41 15 60 21 55 65 58 73 64 86 37 16 25 51 91 74 52 81 42 90 95 79 33 83 19 85 68 52 72 82 70 23 28 9 80 51 36 2 65 55 77 90 18 72 60 79 89 30 8 47 79 74 30 13 58 23 58 55 50 21 11 44 20 21 31 71 35 36 15 6 87 11 87 9 69 32 16 73 58 55 
59 100 61 84 8 12 44 48 56 12 19 38 25 30 93 20 87 59 52 88 57 100 43 2 39 11 35 100 42 97 77 75 26 15 35 65 81 18 67 75 86 80 87 23 17 22 74 85 98 20 15 10 6 1 56 54 65 81 90 47 22 8 94 5 16 83 22 14 3 26 80 70 7 99 48 14 86 57 3 30 51 15 42 25 79 15 55 83 77 12 57 48 35 91 58 35 60 57 91 50 
85 31 40 25 64 39 10 89 97 10 44 37 9 9 96 82 45 43 62 40 69 35 50 60 9 19 98 30 11 81 38 50 71 2 65 27 88 39 19 5 26 7 34 38 23 2 90 16 38 17 11 79 55 28 13 81 96 20 8 43 40 12 75 30 38 79 90 84 65 42 6 19 85 66 68 89 50 91 93 45 79 93 77 18 90 62 80 10 36 44 46 64 20 69 41 4 10 12 81 99 
3 12 58 93 29 72 22 56 57 98 31 73 5 29 99 25 27 35 33 64 17 39 63 97 93 4 26 3 49 2 97 51 24 69 49 84 67 69 76 97 71 11 94 91 3 59 12 43 90 85 63 44 71 4 98 2 62 2 58 66 100 36 41 89 48 48 2 28 46 72 55 22 64 73 1 53 18 4 79 27 25 42 13 91 61 46 42 71 40 67 68 5 67 6 86 14 51 53 47 11 
68 75 43 49 22 10 60 97 65 65 54 24 10 26 15 82 52 22 100 65 95 77 76 58 64 75 13 41 66 27 9 68 37 24 80 34 81 100 5 60 58 71 85 66 50 84 41 86 3 100 84 67 28 2 84 42 89 76 25 20 82 18 66 16 31 73 12 38 53 59 93 60 91 15 42 70 88 33 95 52 97 94 51 7 9 92 88 21 81 20 55 70 91 98 12 99 55 62 54 85 
42 75 18 22 98 38 60 37 15 77 46 84 6 1 58 60 50 87 64 72 11 38 11 23 78 76 70 64 53 32 41 28 15 7 28 7 67 74 83 92 19 19 98 47 23 12 7 19 32 85 42 43 58 81 70 12 60 89 47 13 6 65 97 66 72 88 99 28 51 3 73 23 8 64 61 33 28 30 87 64 96 4 34 69 28 43 50 59 51 96 61 87 88 92 33 95 20 98 7 12 
91 54 87 5 20 24 85 30 18 20 91 96 30 28 27 46 2 2 96 19 72 64 55 42 26 32 96 78 19 1 32 71 64 73 7 60 73 36 30 27 21 90 31 51 36 4 33 27 49 60 39 31 47 5 15 82 79 29 62 83 77 3 88 6 62 11 29 57 33 75 1 35 99 45 76 12 79 33 73 53 52 37 14 22 89 45 100 66 38 70 6 77 43 9 46 10 31 1 46 44 
86 88 77 91 40 31 9 16 67 4 62 21 69 100 8 90 5 72 26 39 85 19 19 77 38 24 78 81 57 26 93 9 14 12 19 13 60 97 7 14 17 72 77 96 90 42 11 63 8 65 94 87 67 3 11 33 25 61 4 96 44 86 64 2 22 8 16 90 46 97 31 41 1 42 9 46 21 95 13 93 91 97 38 45 70 26 64 5 20 47 75 30 22 35 13 39 72 16 87 70 
57 94 79 75 61 8 41 38 20 27 85 5 100 65 88 43 53 60 54 65 84 73 75 20 1 16 36 93 46 73 73 27 9 38 5 56 50 23 10 26 39 74 63 44 53 83 45 32 23 80 16 98 86 14 60 12 76 24 62 38 33 62 76 89 42 64 43 71 5 99 92 76 73 52 37 30 30 77 60 86 97 83 87 4 59 37 56 79 52 6 43 84 39 2 78 54 70 73 86 92 
84 7 86 80 70 16 89 73 24 85 34 85 64 59 81 41 20 34 66 30 68 58 44 10 40 95 39 82 86 22 24 62 56 64 24 70 42 33 65 56 69 23 46 98 30 38 64 80 66 94 23 79 83 41 15 44 54 100 12 26 41 32 87 85 35 72 73 67 7 96 25 35 30 16 53 27 4 27 49 8 97 29 63 92 37 14 66 72 70 71 50 99 17 40 24 16 39 95 100 17 
1 90 69 69 43 36 66 85 41 1 39 84 82 96 75 19 57 89 37 66 44 18 24 66 80 45 47 15 67 20 7 6 21 59 25 17 10 96 31 99 43 53 86 59 44 56 80 18 60 31 18 75 44 88 96 7 40 47 27 8 70 46 80 31 96 5 89 15 37 63 1 34 29 20 86 40 59 79 59 92 1 77 78 19 90 38 48 84 38 43 51 26 38 60 80 58 22 74 25 95 
8 68 44 14 9 18 60 36 39 15 4 59 28 66 24 90 89 84 30 53 66 90 11 20 79 6 40 43 93 21 75 50 11 20 30 93 92 81 31 26 62 19 47 69 85 70 86 96 91 11 49 66 91 65 21 24 76 87 2 29 71 54 11 44 74 4 38 69 37 62 46 23 38 17 27 20 13 49 62 66 56 42 79 69 75 15 98 38 91 86 94 54 65 64 51 44 33 55 47 93 
35 54 56 50 80 55 46 8 9 13 41 14 47 88 16 2 34 73 29 32 34 63 67 9 69 41 14 85 11 37 99 8 63 76 88 96 65 63 99 46 80 27 83 2 47 53 48 79 71 99 13 32 73 3 85 49 20 99 36 75 18 59 99 33 75 78 1 80 73 48 49 51 49 43 98 19 19 38 82 52 2 9 71 19 37 27 24 85 35 77 27 15 51 53 59 70 6 65 77 20 
73 95 35 47 33 52 44 36 70 67 37 18 52 39 86 35 26 3 64 14 3 22 41 84 95 100 97 49 47 6 1 24 33 54 51 68 53 13 54 51 46 7 66 80 83 96 27 86 95 8 31 38 11 53 86 30 10 4 1 6 9 83 100 76 32 56 49 82 98 58 58 19 9 58 49 24 56 97 88 44 39 9 38 99 61 18 31 4 92 87 89 48 60 20 40 81 75 62 79 76 
76 36 34 3 47 72 43 45 24 94 52 96 12 29 44 95 44 7 89 12 86 71 86 50 8 75 8 30 25 29 32 19 71 95 30 12 93 97 68 26 49 60 22 89 57 22 22 42 45 86 78 19 16 62 72 76 29 80 81 12 61 63 21 15 79 32 30 18 91 50 73 35 81 6 72 59 81 90 71 2 100 20 29 87 15 58 22 100 11 16 29 13 33 56 3 29 4 20 45 11 
22 77 54 82 79 11 59 25 93 31 61 69 44 23 22 80 17 44 41 1 49 81 12 58 4 38 35 7 59 89 47 6 8 13 79 13 54 72 95 70 82 65 98 62 94 50 5 26 6 83 39 47 48 14 86 18 26 94 54 98 25 55 29 81 25 30 12 74 38 6 89 13 55 37 60 44 16 41 77 76 62 68 32 54 46 72 51 71 93 10 43 13 85 14 35 53 8 88 99 100 
40 3 9 6 50 1 47 38 61 47 6 28 19 27 32 81 26 5 15 17 46 8 97 1 18 4 46 90 63 15 88 72 25 19 30 65 87 2 12 59 76 49 20 91 32 18 10 14 91 43 88 52 48 87 60 31 33 52 47 68 80 8 93 39 46 72 37 7 76 35 34 40 6 56 2 67 57 74 100 53 36 27 81 62 25 24 98 4 36 68 32 45 49 21 13 28 72 47 22 5 
91 73 97 68 52 20 40 20 32 90 17 11 99 71 3 76 45 21 42 30 52 1 6 39 75 65 81 65 14 41 6 18 89 99 78 16 1 14 74 81 14 9 91 80 85 84 80 100 85 95 25 82 36 49 61 47 100 59 99 77 96 32 58 16 6 99 52 38 67 28 55 71 34 51 34 88 84 44 1 54 38 4 45 66 3 23 86 81 21 6 86 71 13 47 41 50 86 42 39 92 
40 70 2 58 13 84 26 99 58 9 71 80 81 46 2 15 2 23 28 53 64 48 85 51 95 65 72 4 100 9 92 56 23 18 52 82 94 55 87 20 76 24 93 98 59 98 43 71 18 73 27 77 77 37 100 1 98 12 76 51 6 70 21 60 80 18 27 20 69 71 48 45 72 57 90 87 84 32 17 75 14 70 41 65 38 46 89 71 84 4 37 51 8 61 46 71 87 53 62 68 
97 27 64 58 20 83 73 75 37 62 48 68 24 71 40 83 95 5 100 85 79 14 69 30 3 73 21 80 30 98 62 72 1 76 55 64 86 37 85 88 1 66 35 26 31 56 26 26 4 81 92 9 97 56 27 26 96 76 78 70 26 5 62 85 52 41 94 93 31 21 97 44 50 80 38 80 3 17 83 82 81 67 4 85 73 96 12 79 30 57 98 50 48 29 12 51 84 56 19 15 
96 99 99 50 3 14 23 71 83 36 25 12 26 85 56 46 15 87 8 46 10 82 33 49 82 81 9 38 11 3 2 61 50 8 1 57 85 86 89 18 73 61 53 47 70 84 82 27 1 18 20 95 66 35 75 99 26 53 94 49 6 90 34 77 81 41 47 11 100 67 33 60 69 78 47 22 85 86 75 69 91 59 9 19 2 72 16 77 43 9 99 84 46 69 70 36 92 20 59 47 
20 37 32 57 14 51 15 49 72 83 13 66 7 5 95 93 6 72 27 35 1 8 12 69 54 45 5 51 89 36 30 84 1 69 55 53 42 99 82 71 28 16 28 67 54 86 45 46 100 39 88 99 7 69 79 65 52 98 71 71 52 35 60 68 16 20 41 21 49 29 22 88 30 59 65 36 38 50 9 33 81 9 84 38 62 77 7 10 22 14 60 31 54 12 34 57 7 37 2 66 
27 21 22 17 84 57 56 61 47 99 28 100 66 87 72 39 3 54 48 88 80 34 10 75 30 43 40 61 39 32 72 17 65 12 98 82 86 100 88 76 99 94 100 8 71 21 11 1 29 39 42 70 66 39 49 26 77 63 38 65 65 42 1 88 56 63 62 86 32 34 43 6 88 14 49 1 10 37 64 9 73 98 60 19 36 39 52 58 95 31 63 57 88 66 90 38 55 15 59 18 
99 13 89 2 39 97 85 60 27 69 13 79 64 58 61 21 70 5 64 53 56 51 34 16 26 92 91 12 40 41 3 5 100 13 37 62 90 81 56 39 28 75 56 63 59 28 8 21 99 42 56 34 61 41 61 27 50 70 55 65 5 74 99 90 32 44 4 73 29 69 13 94 41 84 54 3 12 10 49 54 50 12 18 16 71 45 99 88 93 45 23 47 42 26 1 29 91 33 67 19 
81 16 12 52 4 80 49 62 31 95 10 79 26 46 83 92 47 6 23 7 35 76 31 33 46 26 35 46 15 95 51 42 60 76 54 21 42 44 19 90 18 7 56 7 82 75 87 68 99 29 7 79 21 28 90 63 28 96 92 43 50 14 88 16 6 11 49 89 82 95 70 96 65 38 49 63 85 73 83 42 15 17 90 70 24 13 85 1 38 66 69 95 7 84 24 53 40 85 10 39 
92 18 31 80 8 30 71 50 11 28 5 71 51 53 76 47 8 15 34 69 10 29 57 35 73 45 56 57 6 56 59 43 97 84 59 61 8 64 37 6 56 62 72 10 26 26 60 91 22 10 67 43 32 2 14 39 2 62 52 26 84 66 35 26 98 81 73 15 56 22 17 86 30 52 83 39 35 46 24 62 16 82 6 74 41 75 69 74 81 18 82 32 20 18 8 60 49 83 92 62 
5 95 18 3 81 7 74 30 76 85 73 36 98 19 31 47 73 18 21 64 42 71 85 49 98 11 12 48 56 90 27 16 75 100 80 44 52 29 48 88 28 19 26 47 32 24 93 41 46 62 86 25 48 65 79 3 83 21 17 26 27 41 81 79 43 92 56 4 34 53 63 27 87 21 71 2 63 73 84 63 24 33 18 44 17 47 62 64 36 86 98 22 92 47 3 55 75 63 49 68 
89 95 21 74 74 30 100 75 65 80 46 81 11 28 81 20 70 91 22 92 7 41 87 39 42 35 49 89 34 8 35 76 32 49 34 39 46 91 73 75 46 30 10 67 99 42 67 41 68 20 9 77 39 10 4 54 11 99 48 6 76 6 38 27 11 45 1 19 78 35 71 91 14 21 50 96 16 25 60 76 79 33 98 6 95 4 31 79 69 57 82 89 90 6 83 99 44 13 35 22 
22 64 68 82 26 32 94 90 31 96 44 4 99 90 7 56 67 68 22 23 45 11 32 36 100 51 62 58 31 97 100 48 29 56 85 30 21 32 90 20 69 41 59 61 64 27 61 87 10 33 49 10 17 22 64 64 63 66 8 71 95 10 20 29 92 18 99 82 18 42 12 5 76 23 28 14 50 21 49 23 91 80 10 68 60 21 44 40 26 72 3 62 98 37 61 25 85 39 83 85 
79 47 38 93 55 86 16 72 50 56 54 55 96 8 45 77 96 67 20 54 27 88 57 78 30 31 75 13 40 56 85 27 26 44 58 57 34 99 14 56 81 60 78 19 91 90 63 37 76 37 86 92 68 68 97 87 61 55 69 78 50 79 1 41 71 21 32 24 1 13 80 53 25 75 12 84 53 9 88 89 100 80 61 54 29 87 22 38 77 17 78 29 68 17 21 11 85 26 78 88 
32 40 20 56 23 75 87 35 39 19 56 54 66 57 32 79 71 12 43 87 9 58 67 13 79 70 59 67 75 97 63 55 44 3 64 23 39 96 19 46 7 80 69 28 35 87 36 17 92 40 64 96 70 8 60 27 46 38 36 47 81 51 44 53 28 72 21 87 84 46 79 62 94 100 12 38 82 50 47 63 4 67 8 4 7 66 5 21 36 17 32 63 91 29 30 95 43 11 80 74 
62 91 32 4 80 95 1 37 42 3 24 81 98 90 16 81 39 67 54 78 2 83 89 26 14 95 48 59 85 8 98 63 51 64 17 96 34 94 83 60 59 57 76 60 76 74 81 1 22 3 95 50 27 17 74 36 89 40 52 79 7 40 82 37 13 10 18 17 70 59 86 56 19 33 23 44 50 70 84 23 13 50 60 25 81 52 95 49 96 74 24 89 37 85 53 95 43 3 30 2 
52 96 95 6 68 30 84 27 41 87 2 63 34 4 6 79 26 72 86 84 30 28 81 85 54 51 56 70 10 14 25 13 97 91 29 78 38 44 55 57 4 83 42 75 85 44 73 36 52 74 6 51 95 61 94 84 99 90 10 26 26 29 65 38 50 94 3 4 30 4 16 44 36 48 17 47 32 18 70 92 39 82 57 48 95 20 19 77 10 87 99 90 98 93 16 61 2 72 4 79 
67 65 23 87 4 58 75 92 91 82 65 18 33 10 95 3 67 99 45 37 52 72 1 46 51 71 86 30 80 31 62 27 88 87 42 52 44 36 81 23 47 26 28 23 80 80 54 96 7 91 25 55 28 16 16 70 3 78 32 27 93 68 8 63 30 19 36 52 21 7 96 54 61 79 54 35 37 23 5 22 85 44 15 12 2 99 44 45 58 91 44 79 50 1 59 61 92 25 1 13 
47 1 52 15 52 20 27 94 29 25 18 26 60 81 75 62 59 79 20 100 50 80 84 33 12 39 10 7 82 45 62 54 65 36 96 12 34 40 46 22 18 70 20 82 60 21 66 51 74 99 54 23 58 37 99 88 74 8 37 56 41 88 41 70 83 22 16 8 25 92 79 76 16 36 45 94 20 92 75 95 44 100 38 76 35 20 31 77 74 37 39 17 28 92 44 23 21 47 39 46 
31 21 96 56 72 74 51 10 92 91 32 93 75 22 21 99 33 50 5 98 29 46 81 27 80 39 4 49 20 13 96 31 60 89 72 66 11 49 75 46 23 88 71 100 19 54 76 93 72 93 3 52 94 56 100 75 3 7 85 71 32 57 86 37 39 50 35 67 3 55 8 100 37 10 20 91 20 78 61 22 98 44 22 15 16 2 74 76 25 22 36 66 32 78 4 94 65 40 3 97 
73 52 49 63 67 67 45 72 53 64 56 4 67 85 7 57 17 42 7 30 47 70 82 7 31 74 86 94 48 67 36 47 65 14 43 6 91 44 66 2 84 13 42 59 3 89 77 19 99 22 92 45 8 59 83 33 7 63 30 57 74 32 63 50 19 45 29 5 47 30 26 54 96 55 70 3 61 70 19 32 8 93 89 55 13 48 57 79 51 77 22 87 48 75 44 88 34 39 28 54 
88 76 76 79 34 90 38 11 66 39 36 12 13 53 51 76 18 51 11 9 5 34 76 36 20 10 10 69 50 86 96 39 21 47 28 58 68 87 29 82 46 52 66 68 56 40 7 95 57 80 40 58 69 20 90 15 100 43 32 8 71 15 82 50 81 10 15 67 99 31 42 66 57 1 25 5 29 45 91 34 81 97 14 16 42 80 76 68 69 30 33 100 80 70 6 92 42 67 95 79 
98 86 66 63 14 91 34 82 54 70 83 9 63 72 29 27 19 65 82 29 92 55 62 14 9 59 93 12 70 58 73 30 77 6 49 12 57 3 81 70 9 9 35 28 34 80 43 15 18 84 19 93 87 38 38 78 83 24 53 27 59 63 91 74 75 97 60 49 42 53 17 37 39 5 53 42 97 92 1 100 82 80 82 31 5 53 90 1 22 45 89 25 90 40 92 70 68 44 84 31 
34 16 63 39 52 81 72 91 10 80 36 56 51 93 50 44 76 56 95 91 93 68 11 18 94 96 27 91 48 71 27 80 22 40 83 29 61 82 69 97 68 45 25 8 93 1 23 58 39 29 64 44 54 40 81 76 57 23 33 58 63 62 7 84 18 91 56 29 94 89 56 71 90 13 41 10 46 89 97 57 98 74 42 72 79 67 90 93 71 6 24 27 72 90 75 37 6 73 29 53 
83 53 2 53 68 100 53 16 17 83 8 37 13 28 41 35 77 69 60 12 23 80 61 52 5 65 93 26 25 48 81 66 90 83 64 40 100 36 90 55 37 93 58 96 1 68 58 65 15 27 83 43 17 8 55 1 32 33 61 25 91 55 90 62 77 94 77 21 17 24 81 66 66 30 65 3 82 71 44 36 28 47 96 16 45 54 55 69 28 89 67 79 88 25 22 70 53 100 76 84 
8 45 25 47 45 29 30 58 52 92 3 75 16 86 5 74 49 84 36 28 69 95 91 80 95 72 4 87 18 33 43 5 100 23 27 75 4 97 94 36 88 3 75 88 39 6 7 57 96 43 77 23 31 33 52 5 35 17 15 63 39 44 97 89 33 10 64 88 5 36 73 20 26 75 91 89 52 19 39 86 42 88 32 24 8 2 67 53 40 97 56 94 20 20 60 52 22 30 74 23 
48 96 67 58 72 5 19 35 42 30 37 46 82 26 69 53 55 78 98 93 100 1 18 79 97 28 91 50 74 88 41 6 29 48 13 54 3 84 20 87 95 27 30 38 15 43 85 26 36 33 17 14 51 59 43 93 59 65 72 24 7 14 82 6 77 47 34 90 4 80 30 50 46 95 47 38 98 81 24 46 4 60 26 69 53 42 59 17 50 78 17 19 97 78 76 60 81 55 82 95 
88 10 47 10 61 22 86 92 68 50 65 57 98 14 88 72 49 65 5 47 96 15 70 66 12 93 53 83 60 27 17 95 97 79 47 99 34 61 74 67 6 99 32 83 51 10 67 92 2 81 64 7 40 13 57 81 19 23 68 30 27 12 64 80 96 71 14 83 14 77 69 97 39 61 78 51 41 73 47 62 52 35 61 53 64 80 92 59 5 53 73 65 12 65 74 42 68 62 92 17 
60 28 31 83 45 7 35 56 19 13 19 98 93 87 56 61 61 59 4 51 28 73 62 61 7 73 62 14 81 99 43 29 22 79 59 30 91 2 1 33 73 61 72 95 95 74 84 20 43 66 15 56 6 38 34 8 99 16 82 47 98 27 15 82 6 26 9 27 8 96 58 50 89 63 5 41 26 58 20 85 74 57 7 83 38 10 46 40 1 59 82 61 96 32 7 81 12 100 22 100 
66 32 80 66 11 8 42 22 50 84 13 67 10 96 3 53 63 11 15 11 21 69 98 48 83 89 76 60 89 76 80 66 39 5 1 64 23 34 88 8 91 9 83 59 20 22 62 78 30 71 77 46 74 14 53 14 44 35 46 51 56 19 65 49 3 18 96 84 45 86 93 77 93 100 19 12 74 62 29 65 54 59 1 95 65 57 86 26 43 23 33 60 72 70 93 34 79 36 2 77 
67 18 13 35 76 48 91 71 83 85 9 53 68 84 36 100 25 10 58 75 16 89 16 85 34 62 17 54 59 17 54 13 55 46 46 28 74 2 23 19 2 41 43 93 90 37 55 27 81 66 26 70 70 49 72 67 72 58 4 64 90 44 23 82 65 63 30 73 21 39 62 23 99 10 61 100 67 51 11 98 33 62 75 44 29 72 63 72 31 89 24 99 6 2 64 7 81 94 2 93 
37 70 98 44 94 95 97 74 76 91 34 44 88 64 67 93 49 38 90 90 27 1 75 59 40 72 14 54 30 30 25 72 50 83 82 85 95 76 30 52 92 67 53 72 64 24 42 41 64 81 73 91 81 80 19 62 54 69 24 62 27 65 6 53 16 9 52 51 34 59 40 38 48 83 3 30 100 37 82 24 38 37 33 27 52 17 43 70 64 15 4 81 22 6 88 18 2 82 37 76 
48 71 8 78 93 44 74 59 71 42 64 59 98 12 86 20 40 33 77 93 31 43 63 34 30 32 14 24 58 3 58 21 5 85 5 89 30 79 15 36 7 55 26 68 87 53 65 89 55 72 98 56 41 33 39 70 47 86 86 77 65 68 55 84 14 4 2 83 36 72 16 48 29 64 35 10 49 36 1 26 43 37 10 97 85 81 42 74 31 96 64 57 95 16 12 77 78 5 65 11 
32 29 91 81 21 100 63 68 95 7 9 78 78 98 90 44 86 20 35 33 71 87 75 48 36 56 86 62 95 58 73 32 25 45 28 74 60 49 95 63 58 72 78 48 12 57 28 3 18 16 19 38 10 13 43 94 13 82 44 68 65 92 91 69 37 3 58 10 70 96 77 72 20 89 49 98 73 72 47 75 68 16 94 34 48 15 18 51 31 24 81 30 90 9 94 82 86 93 16 70 
77 8 50 89 84 97 67 88 95 61 44 60 15 4 11 13 65 88 77 93 40 61 70 97 34 13 6 87 73 9 100 32 61 81 34 43 68 80 13 10 42 45 74 10 53 10 13 45 84 43 33 26 1 96 17 79 53 48 75 97 75 25 52 18 32 72 71 34 93 87 71 61 53 97 99 57 47 42 38 47 80 28 19 24 18 51 52 11 44 60 41 73 61 31 94 15 68 91 21 51 
86 78 60 25 76 49 35 72 3 30 16 40 99 80 31 52 16 57 48 75 76 7 34 56 54 66 82 18 58 5 13 78 72 55 23 49 76 11 62 59 53 77 82 21 91 50 24 36 96 55 82 90 43 1 93 78 95 78 21 56 94 56 81 43 1 70 45 77 21 54 8 56 65 24 82 81 75 15 69 88 21 97 85 54 15 21 8 33 79 4 56 81 86 97 71 75 73 46 25 55 
33 38 56 23 13 48 27 64 54 62 82 38 57 81 75 74 60 65 37 68 32 61 97 15 47 100 12 34 34 45 78 75 57 85 9 57 17 49 25 13 8 75 31 88 97 31 38 60 12 87 96 23 25 8 43 95 90 68 40 10 89 63 54 4 98 62 27 99 88 24 83 26 35 65 54 6 87 11 64 34 10 48 93 18 45 24 6 93 78 93 25 19 80 38 22 64 10 71 72 21 
94 68 64 82 29 93 42 100 58 27 10 36 75 42 81 33 83 69 85 21 47 12 54 50 18 66 19 76 64 21 68 47 46 27 26 78 52 80 20 48 35 35 11 7 60 53 88 11 52 37 28 65 28 73 55 88 48 88 39 68 60 87 63 70 64 53 5 65 10 17 71 62 55 33 80 62 97 23 33 17 21 44 49 71 68 89 51 93 56 49 47 97 72 35 84 17 54 53 93 9 
49 5 11 55 35 11 46 92 71 66 37 79 48 43 10 32 37 36 38 71 99 60 37 11 31 31 52 91 14 57 100 71 90 25 39 86 83 11 45 28 49 62 54 75 66 75 50 23 59 52 50 61 59 76 68 16 44 61 12 49 61 32 58 4 15 96 81 15 92 23 56 56 88 31 48 43 86 11 84 17 55 82 7 57 52 90 13 88 44 63 99 100 7 63 1 66 43 58 20 42 
32 14 31 2 26 96 4 91 100 28 65 25 92 24 100 41 16 44 36 61 58 16 2 62 70 94 39 42 95 87 97 11 57 74 83 27 21 2 89 85 13 13 13 25 23 10 6 1 84 30 99 91 63 41 44 53 99 70 89 92 25 55 25 32 86 3 52 68 89 10 4 71 64 19 86 8 17 26 5 82 96 46 32 97 10 32 64 12 83 4 19 60 56 27 84 1 23 86 91 26 
54 50 73 91 16 77 52 56 67 61 2 87 63 14 26 40 17 10 17 17 88 85 74 82 5 98 39 42 98 69 84 75 46 93 76 98 27 24 77 86 35 9 77 34 63 52 51 43 50 46 10 9 87 28 71 24 5 23 77 13 95 79 74 29 8 46 38 18 99 9 53 2 82 87 27 72 84 15 26 25 14 40 46 51 42 33 21 23 65 49 43 86 74 22 71 10 3 44 63 78 
29 93 29 98 88 29 64 83 19 30 19 76 50 85 36 65 99 76 6 98 98 28 63 95 67 38 70 41 84 5 46 16 69 13 58 72 78 91 81 62 68 64 9 35 74 75 100 5 12 75 12 20 54 53 59 34 74 18 28 59 65 51 73 45 38 8 1 74 24 25 11 7 10 1 88 52 93 65 4 16 28 47 23 19 61 4 98 26 57 18 45 82 75 57 52 60 21 57 27 64 
2 2 95 71 81 62 73 8 49 59 76 47 53 31 69 66 16 90 23 31 58 97 38 56 25 69 45 54 50 98 39 13 79 55 62 19 98 81 3 69 42 89 80 47 90 29 4 51 38 19 64 5 58 44 99 34 41 15 18 39 84 25 52 61 15 50 8 45 18 60 89 16 92 38 6 62 70 22 1 67 74 20 71 80 25 84 69 36 89 83 91 94 28 8 83 91 80 55 29 58 
34 39 6 65 85 70 53 23 39 58 39 26 87 87 53 35 91 99 39 7 49 97 26 28 58 9 16 84 80 41 88 37 16 20 99 35 36 35 19 31 63 65 73 68 76 13 76 43 65 66 93 76 34 51 75 84 66 27 33 22 19 53 80 78 9 26 58 58 57 88 10 88 74 75 53 68 29 31 93 26 9 89 39 11 93 42 56 26 53 70 75 56 88 38 30 94 61 31 10 3 
80 73 20 3 24 14 17 75 7 36 66 59 99 61 39 51 30 51 26 37 78 43 35 76 77 56 34 43 24 44 100 2 37 79 26 42 8 54 82 42 78 76 100 40 97 78 78 72 1 78 8 62 50 51 88 91 4 3 65 58 11 98 85 73 98 25 93 46 22 50 1 89 35 72 45 80 8 14 91 51 96 36 100 78 10 40 100 2 65 19 25 24 42 38 16 69 78 78 47 27 
46 84 10 82 39 93 56 85 100 1 27 84 7 75 36 14 25 85 85 75 89 57 94 35 64 35 84 3 12 43 61 43 9 70 31 90 24 20 46 32 10 3 79 77 28 42 43 46 58 63 6 69 92 52 58 30 39 24 45 36 74 46 41 75 80 91 79 88 29 63 10 21 98 77 55 17 44 36 54 91 12 55 78 86 35 53 59 71 43 21 24 64 24 63 63 97 18 10 3 3 
28 10 1 2 59 65 25 44 30 92 78 63 34 47 55 86 53 2 51 84 33 42 57 64 95 14 32 45 3 74 41 30 44 11 96 15 26 81 72 56 33 14 69 40 13 11 6 59 68 44 30 37 21 51 81 9 89 16 33 25 84 85 19 19 47 24 42 82 39 34 10 81 69 43 11 64 35 94 86 27 2 61 64 65 4 90 99 91 24 16 51 30 86 77 8 12 96 16 78 99 
23 86 38 85 96 30 19 75 64 30 29 79 58 71 75 50 97 44 56 44 22 95 13 6 66 58 32 65 40 1 23 80 20 64 58 67 5 57 32 80 54 10 93 100 68 45 100 60 42 42 14 92 10 97 87 18 18 82 35 3 95 16 57 60 33 40 13 82 66 32 75 67 75 26 87 31 50 84 53 65 89 51 31 39 64 14 23 85 34 60 81 31 1 96 92 72 68 37 48 77 
27 12 21 9 32 30 50 23 42 10 7 5 97 20 59 97 33 77 31 42 60 37 44 67 47 74 64 52 7 12 24 21 56 60 92 14 84 19 63 68 64 76 19 42 51 76 73 71 6 78 8 59 59 93 17 55 59 85 23 46 13 10 90 52 100 31 31 61 7 4 95 20 88 22 29 85 56 68 1 40 17 19 66 31 12 68 68 55 23 57 87 57 41 98 55 54 94 22 63 24 
71 65 89 23 57 20 28 79 35 43 15 73 85 62 12 1 17 68 61 41 51 28 72 54 26 87 57 30 19 13 89 64 47 23 62 41 89 13 84 98 44 50 35 13 73 43 48 62 87 34 44 70 42 90 90 69 19 64 62 30 77 84 90 5 60 9 30 52 64 35 38 76 33 57 100 72 33 99 41 25 30 94 54 58 49 5 35 86 24 69 20 92 21 23 88 10 62 98 14 98 
9 59 77 13 49 29 38 5 76 80 39 87 81 32 33 80 3 100 45 43 14 15 23 49 32 30 36 55 12 55 90 3 49 25 18 80 29 78 39 72 7 51 72 12 93 24 22 5 38 50 18 74 70 32 68 60 16 60 85 61 22 94 82 67 9 68 10 52 18 51 70 3 4 86 71 63 18 66 40 22 76 76 43 59 18 33 11 47 90 36 38 20 25 69 18 33 71 36 70 20 
59 53 94 37 32 84 86 77 3 70 37 81 42 100 11 22 10 10 11 24 22 44 47 85 43 23 78 4 93 2 75 100 66 17 37 5 61 19 79 88 55 46 64 53 12 37 90 7 34 54 67 29 33 20 40 93 78 12 69 2 7 89 28 19 56 32 89 79 12 21 24 53 29 7 52 22 54 3 71 5 1 12 46 91 9 88 92 18 51 55 12 37 24 7 31 32 58 22 59 39 
73 72 75 79 56 79 21 46 100 92 18 39 4 18 45 4 45 38 97 40 10 44 80 13 38 50 25 2 24 23 86 21 74 74 60 32 77 75 6 15 26 16 20 96 71 73 13 28 45 40 21 98 11 25 69 22 31 39 5 20 17 79 90 62 70 74 92 98 15 49 99 60 65 100 16 57 81 76 10 98 98 29 6 85 83 79 80 20 10 55 99 31 75 48 42 37 54 19 21 14 
92 7 41 30 91 75 49 73 8 22 83 9 96 96 26 60 17 52 85 82 60 93 24 46 34 98 16 48 65 39 57 67 67 27 31 51 76 98 74 10 95 84 79 29 38 86 74 69 63 1 66 95 25 65 49 95 65 60 44 46 4 26 62 96 82 72 17 89 90 72 32 73 100 83 5 93 98 98 40 86 40 60 32 93 7 26 90 2 89 54 2 24 84 57 6 60 100 78 56 35 
18 12 99 85 2 42 20 84 8 76 33 21 46 76 34 95 51 12 47 7 24 56 6 40 21 9 53 80 39 63 44 43 46 59 87 1 74 3 6 42 54 31 30 53 14 88 59 38 18 36 62 55 9 61 3 80 43 23 71 81 28 92 3 14 81 47 55 16 69 22 42 6 72 87 16 24 48 68 68 69 44 63 10 63 6 42 71 97 24 28 70 1 3 78 12 59 82 95 27 81 
26 73 63 77 99 20 32 73 9 28 4 89 14 92 93 37 77 13 88 50 68 89 42 87 64 83 31 28 2 21 22 100 85 77 26 65 58 22 14 67 36 60 79 58 35 77 20 5 39 51 65 40 70 89 41 29 48 25 13 39 68 33 66 83 97 35 4 37 55 43 46 83 84 22 86 5 77 52 71 58 54 42 29 75 43 15 72 19 46 36 49 80 73 24 76 3 1 7 74 29 
38 27 65 81 46 90 47 88 10 63 83 78 73 80 21 81 20 35 12 66 9 94 67 11 4 22 34 54 25 90 85 100 78 52 69 16 35 24 84 25 36 49 48 37 20 52 25 20 9 59 30 15 47 19 39 96 45 90 87 28 56 88 66 45 8 15 37 45 32 77 76 30 21 6 63 47 69 14 58 47 85 95 54 12 9 28 80 67 56 79 49 31 46 18 76 36 47 73 24 12 
2 71 97 3 44 13 46 27 78 40 14 90 34 9 92 22 93 42 29 69 64 54 86 73 40 57 26 25 38 45 17 51 21 45 13 80 71 8 17 9 84 38 75 3 49 3 58 29 73 99 97 60 2 81 5 86 25 50 87 100 74 13 72 22 81 88 83 30 40 77 96 58 1 65 21 95 41 58 82 48 42 45 51 90 43 75 25 2 62 36 51 56 32 19 63 78 29 49 42 65 
88 10 16 91 82 62 54 80 91 61 71 15 46 42 87 9 48 60 92 22 86 26 44 29 5 11 36 13 99 16 100 51 62 62 7 33 59 84 16 37 18 15 82 37 49 48 15 33 16 98 44 35 16 70 77 63 43 82 57 24 76 15 66 10 3 89 67 73 77 100 43 69 47 70 30 48 81 43 91 10 93 3 64 87 2 37 32 25 36 87 55 59 34 21 64 65 61 31 92 63 
66 24 76 58 26 55 34 59 51 93 9 77 74 66 33 73 1 86 31 88 36 49 44 49 80 75 73 83 63 59 7 4 13 34 81 7 79 46 78 71 5 61 57 95 60 63 41 51 88 60 100 67 81 2 47 78 63 3 58 86 4 94 64 53 7 33 10 3 14 56 69 52 97 79 95 75 62 59 65 12 62 15 9 94 82 76 16 36 67 48 48 43 37 77 81 94 45 30 60 92 
27 69 42 20 77 40 40 50 85 9 40 14 72 6 38 1 86 27 74 51 30 22 17 59 5 22 5 76 30 81 73 23 46 79 39 43 74 50 65 34 11 69 96 84 51 60 75 9 54 44 66 47 92 39 46 7 90 46 99 24 92 37 89 68 91 19 27 1 86 90 23 65 54 93 61 16 2 46 28 2 77 47 3 52 95 42 64 58 58 78 40 19 10 87 18 92 91 56 89 88 
11 11 80 60 20 99 97 88 43 21 83 69 83 37 61 31 20 84 18 99 39 93 89 75 21 24 68 35 67 92 70 17 57 30 87 75 19 19 55 99 48 71 92 37 73 10 81 100 82 60 2 63 63 73 16 17 99 65 59 79 87 87 90 47 67 5 5 20 60 14 8 28 94 30 79 30 75 49 52 91 86 30 35 62 40 96 66 79 34 4 46 32 30 55 56 90 84 11 15 14 
91 41 24 29 54 72 36 55 69 47 21 92 29 73 60 85 66 13 11 91 80 18 72 68 60 96 53 32 34 20 78 97 10 39 36 1 42 82 92 57 9 56 39 100 90 99 78 28 43 90 1 16 27 30 38 60 39 33 80 21 49 19 39 95 78 98 40 51 58 7 89 72 48 69 48 82 92 30 5 69 15 51 71 31 83 75 41 73 16 76 22 59 8 4 38 27 41 68 72 50 
9 2 41 85 19 90 88 16 20 82 66 49 49 72 61 78 91 33 64 18 78 4 42 33 60 93 66 32 34 34 88 45 25 16 26 55 33 27 78 59 39 19 52 3 13 67 97 94 44 54 36 97 63 57 9 40 42 29 2 50 12 16 13 3 43 99 20 66 1 19 29 82 91 40 69 24 82 65 62 100 48 45 7 70 25 81 36 70 55 21 62 32 30 32 53 90 60 10 30 43 
73 67 33 53 39 90 66 86 54 7 75 2 15 48 27 67 87 88 6 52 60 45 45 6 64 10 16 20 80 45 79 92 30 68 98 63 1 69 39 74 76 15 83 66 33 7 15 48 60 82 92 77 6 63 27 72 48 58 87 45 38 98 87 64 87 2 60 76 51 13 2 99 39 35 89 22 23 68 66 59 73 12 15 33 79 87 11 78 20 70 76 8 62 10 91 37 73 13 57 88 
57 18 95 58 45 28 12 1 37 64 31 76 69 99 45 44 64 51 74 62 53 36 8 52 87 93 9 75 28 79 64 90 52 60 79 80 44 39 99 5 13 99 92 10 23 93 3 18 89 50 22 42 37 16 35 39 82 31 11 61 61 9 30 31 84 50 82 100 17 77 55 100 17 86 83 14 36 32 70 93 41 87 20 49 70 32 75 29 37 33 27 94 100 8 52 65 5 41 4 28 
42 27 70 52 70 60 29 100 90 19 66 68 63 66 7 63 21 52 3 82 35 71 54 72 83 13 72 76 11 60 4 65 57 78 86 12 56 49 29 3 52 81 66 52 22 41 37 11 15 55 81 24 27 48 56 11 93 71 29 5 16 62 26 55 38 55 15 94 41 9 36 48 87 97 61 90 30 52 5 57 67 51 38 60 57 49 30 78 14 58 73 72 84 48 81 85 37 65 59 73 
76 86 36 3 49 8 25 28 41 65 15 20 58 87 90 4 33 54 67 50 43 76 26 25 68 42 46 91 81 20 22 23 65 65 96 85 47 58 96 90 44 42 79 86 73 20 9 58 97 33 44 41 13 88 12 75 26 78 1 80 95 7 32 31 39 99 87 76 19 48 69 100 38 78 20 4 52 82 86 16 44 92 6 72 30 58 34 39 95 18 21 7 24 86 41 93 55 64 81 46 
9 20 53 22 33 21 62 28 44 72 67 98 44 22 37 53 5 46 1 82 28 50 10 69 28 37 29 36 23 17 6 87 16 65 91 76 82 79 45 34 93 12 10 94 90 77 56 13 72 87 39 45 72 10 76 21 41 78 7 81 5 31 90 14 80 97 22 68 22 97 3 66 23 20 24 67 54 53 80 50 85 49 100 7 28 14 13 86 75 3 5 77 45 83 21 17 47 40 72 3 
